x       = 0.297117 m
y        = 0.012217 m
z        = -0.431807 m
roll     = -0.002974 rad
pitch   = -0.000787 rad
heading = -1.576674 rad
